300
10000000
500000	1.1455533E7	3067.0	3735.0939028366483
1500000	976790.0	3043.0	320.9957279000986
2500000	528995.0	3019.0	175.22192779065915
3500000	362504.0	2995.0	121.03639398998331
4500000	275627.0	2971.0	92.77246718276675
5500000	224624.0	2947.0	76.2212419409569
6500000	192130.0	2923.0	65.73041395826206
7500000	169953.0	2899.0	58.62469817178337
8500000	154223.0	2875.0	53.642782608695654
9500000	141384.0	2851.0	49.59102069449316
10500000	132071.0	2827.0	46.7177219667492
11500000	123796.0	2803.0	44.16553692472351
12500000	116600.0	2779.0	41.95753868297949
13500000	112048.0	2755.0	40.670780399274044
14500000	106503.0	2731.0	38.99780300256317
15500000	102025.0	2707.0	42.38600064853516
16500000	97131.0	2683.0	40.048529958054
17500000	92564.0	2659.0	38.21456759006311
18500000	89589.0	2635.0	36.683952772420625
19500000	86292.0	2611.0	35.3427113455349
20500000	82413.0	2587.0	34.1845226052008
21500000	81086.0	2563.0	33.123178475333724
22500000	78882.0	2539.0	32.15306348876178
23500000	77029.0	2515.0	31.256534966966
24500000	75872.0	2491.0	30.396006936013286
25500000	72707.0	2467.0	29.60049261884825
26500000	70972.0	2443.0	28.84606683321607
27500000	67762.0	2419.0	28.13581138580243
28500000	64229.0	2395.0	27.489426805374638
29500000	62659.0	2371.0	26.86874972502225
30500000	59827.0	2347.0	26.275289261664774
31500000	57525.0	2323.0	25.712953322173956
32500000	55238.0	2299.0	25.13920942170626
33500000	53372.0	2275.0	24.59146065506422
34500000	51970.0	2251.0	24.04321396810978
35500000	50332.0	2227.0	23.474642516153743
36500000	48460.0	2203.0	22.9563857849771
37500000	47685.0	2179.0	22.418116808085948
38500000	46518.0	2155.0	21.921543108891854
39500000	45135.0	2131.0	21.474594283798716
40500000	43425.0	2107.0	21.02564487219592
41500000	41998.0	2083.0	20.61005055329818
42500000	41413.0	2059.0	20.213050855796116
43500000	40014.0	2035.0	19.83621010208625
44500000	38384.0	2011.0	19.481277739874816
45500000	37965.0	1987.0	19.12751849883994
46500000	35895.0	1963.0	18.785673318418254
47500000	35077.0	1940.0	18.46819455382869
48500000	34274.0	1917.0	18.168150143778472
49500000	33047.0	1894.0	17.849453152910186
50500000	32159.0	1872.0	17.530628262582272
51500000	31123.0	1850.0	17.23832198097457
52500000	30144.0	1828.0	16.967632183458868
53500000	29549.0	1806.0	16.675365293537343
54500000	28566.0	1784.0	16.39278530214379
55500000	27776.0	1762.0	16.125378324510606
56500000	27227.0	1740.0	15.853773552657549
57500000	27287.0	1718.0	15.616209460043137
58500000	25815.0	1697.0	15.387871703755291
59500000	24811.0	1676.0	15.159877431440899
60500000	24434.0	1655.0	14.932494974616636
61500000	24099.0	1634.0	14.713273352441245
62500000	23014.0	1613.0	14.499869691320026
63500000	22320.0	1593.0	14.29853362198753
64500000	21625.0	1574.0	14.099556919635583
65500000	21264.0	1555.0	13.900891194759359
66500000	20789.0	1536.0	13.698190467563743
67500000	20501.0	1517.0	13.484341814252952
68500000	19952.0	1498.0	13.255741338426478
69500000	19080.0	1479.0	13.057577133070822
70500000	18680.0	1460.0	14.15661867642398
71500000	18092.0	1441.0	13.955034306500895
72500000	17723.0	1422.0	13.761087115696512
73500000	17372.0	1403.0	13.577384379533274
74500000	16662.0	1384.0	13.400085579648954
75500000	15984.0	1365.0	13.22588505304356
76500000	15305.0	1346.0	13.060104144854288
77500000	15021.0	1328.0	12.902690272672407
78500000	14736.0	1310.0	12.742136676009391
79500000	14053.0	1293.0	12.585170920478058
80500000	13684.0	1276.0	12.433542539077969
81500000	13781.0	1259.0	12.2894296199234
82500000	13148.0	1242.0	12.151065417528878
83500000	13593.0	1225.0	12.009113512738875
84500000	12736.0	1208.0	11.871912327596512
85500000	12381.0	1191.0	11.740041281095772
86500000	11972.0	1174.0	11.60867029881543
87500000	11514.0	1157.0	11.492386096150877
88500000	11389.0	1140.0	11.380087669789855
89500000	11189.0	1124.0	11.264911620388641
90500000	11205.0	1108.0	11.161236711851414
91500000	10858.0	1092.0	11.060207977896914
92500000	10568.0	1076.0	10.957465056403993
93500000	10233.0	1060.0	10.86579126674316
94500000	9980.0	1044.0	10.77252161004327
95500000	9800.0	1028.0	10.685379757143176
96500000	9689.0	1012.0	10.597660089431859
97500000	9308.0	996.0	10.511378600224642
98500000	9331.0	980.0	10.425122238188486
99500000	9097.0	964.0	10.345596898036963
100500000	8803.0	948.0	10.271963700465104
101500000	8855.0	933.0	10.199009378525343
102500000	8713.0	918.0	10.124940584712057
103500000	8816.0	903.0	10.062882516631351
104500000	8355.0	888.0	10.003053773693498
105500000	8211.0	873.0	9.94774997588577
106500000	8110.0	858.0	9.890953625655976
107500000	7780.0	844.0	9.837757565243498
108500000	7619.0	830.0	9.78211807761019
109500000	7378.0	816.0	9.729424944282092
110500000	7510.0	802.0	9.682028369309846
111500000	7287.0	788.0	9.626312404982524
112500000	7222.0	774.0	9.573239146088657
113500000	7050.0	760.0	9.526869325684027
114500000	6827.0	746.0	9.479349365076855
115500000	6845.0	733.0	9.433958735692489
116500000	6771.0	720.0	9.39660828812681
117500000	6391.0	707.0	9.364728424374828
118500000	6266.0	694.0	9.333106624676033
119500000	6163.0	681.0	9.300147183204732
120500000	6066.0	668.0	9.26988155710616
121500000	5956.0	655.0	9.240290799510982
122500000	5622.0	642.0	9.20793361911855
123500000	5464.0	629.0	9.186598944907882
124500000	5259.0	616.0	9.15551438518758
125500000	5184.0	603.0	9.131430387350035
126500000	5300.0	590.0	9.108547731869074
127500000	5249.0	577.0	9.086013166793142
128500000	4887.0	564.0	9.07125474363436
129500000	5044.0	551.0	9.056556353144561
130500000	4894.0	538.0	9.039681663497948
131500000	4517.0	525.0	9.031692517573571
132500000	4688.0	512.0	9.024252714729359
133500000	4450.0	500.0	9.02070430352837
134500000	4412.0	488.0	9.017751205881998
135500000	4172.0	477.0	9.008840879299257
136500000	4084.0	467.0	9.008835063870395
137500000	4105.0	457.0	9.01031789834828
138500000	3956.0	447.0	9.010310974099559
139500000	3895.0	437.0	9.004902584412324
140500000	3812.0	427.0	9.004092949759961
141500000	3688.0	418.0	9.003507058907323
142500000	3805.0	409.0	8.999306422735419
143500000	3690.0	400.0	8.99540045453504
144500000	3642.0	391.0	8.9869682444417
145500000	3488.0	382.0	8.987715090501046
146500000	3461.0	373.0	8.989840606583027
147500000	3308.0	365.0	8.991224962967383
148500000	3250.0	357.0	8.996515111659544
149500000	3179.0	349.0	9.008149088511834
150500000	2843.0	341.0	9.01880711696712
151500000	2767.0	333.0	9.03421397796588
152500000	2845.0	325.0	9.052316356028118
153500000	2720.0	317.0	9.05420877481734
154500000	2598.0	309.0	9.062222717357175
155500000	2634.0	302.0	9.061744380061409
156500000	2602.0	295.0	9.065403534487295
157500000	2529.0	288.0	9.058726451153962
158500000	2420.0	281.0	9.04830872123664
159500000	2323.0	275.0	9.043959128986964
160500000	2248.0	269.0	9.042922958842864
161500000	2198.0	263.0	9.040507985418925
162500000	2282.0	257.0	9.046096736844737
163500000	2161.0	251.0	9.044722355316425
164500000	2111.0	245.0	9.048034890033993
165500000	2047.0	239.0	9.061534218637487
166500000	1956.0	233.0	9.070210772576655
167500000	1991.0	227.0	9.079351208412003
168500000	1948.0	221.0	9.093138036834882
169500000	1850.0	215.0	9.11530631867691
170500000	1980.0	209.0	9.119539978348184
171500000	1907.0	204.0	9.119539978348184
172500000	1898.0	199.0	9.119539978348184
173500000	1827.0	194.0	9.119539978348184
174500000	1672.0	189.0	9.119539978348184
175500000	1754.0	184.0	9.119539978348184
176500000	1735.0	179.0	9.119539978348184
177500000	1626.0	174.0	9.119539978348184
178500000	1536.0	169.0	9.119539978348184
179500000	1537.0	164.0	9.119539978348184
180500000	1469.0	159.0	9.119539978348184
181500000	1419.0	155.0	9.119539978348184
182500000	1386.0	151.0	9.119539978348184
183500000	1336.0	147.0	9.119539978348184
184500000	1354.0	143.0	9.119539978348184
185500000	1331.0	139.0	9.119539978348184
186500000	1291.0	135.0	9.119539978348184
187500000	1263.0	131.0	9.119539978348184
188500000	1284.0	127.0	9.119539978348184
189500000	1217.0	123.0	9.119539978348184
190500000	1261.0	119.0	9.119539978348184
191500000	1230.0	115.0	9.119539978348184
192500000	1062.0	112.0	9.119539978348184
193500000	1081.0	109.0	9.119539978348184
194500000	966.0	106.0	9.119539978348184
195500000	992.0	103.0	9.119539978348184
196500000	887.0	100.0	9.119539978348184
197500000	796.0	97.0	9.119539978348184
198500000	816.0	94.0	9.119539978348184
199500000	816.0	91.0	9.119539978348184
200500000	791.0	89.0	9.119539978348184
201500000	830.0	87.0	9.119539978348184
202500000	735.0	85.0	9.119539978348184
203500000	743.0	83.0	9.119539978348184
204500000	779.0	81.0	9.119539978348184
205500000	734.0	79.0	9.119539978348184
206500000	748.0	77.0	9.119539978348184
207500000	765.0	75.0	9.119539978348184
208500000	762.0	73.0	9.119539978348184
209500000	674.0	71.0	9.119539978348184
210500000	635.0	69.0	9.119539978348184
211500000	698.0	67.0	9.119539978348184
212500000	682.0	65.0	9.119539978348184
213500000	618.0	63.0	9.119539978348184
214500000	693.0	61.0	9.119539978348184
215500000	684.0	59.0	9.119539978348184
216500000	877.0	57.0	9.119539978348184
217500000	505.0	55.0	9.119539978348184
218500000	489.0	53.0	9.119539978348184
219500000	469.0	51.0	9.119539978348184
220500000	521.0	49.0	9.119539978348184
221500000	646.0	47.0	9.119539978348184
222500000	531.0	45.0	9.119539978348184
223500000	477.0	43.0	9.119539978348184
224500000	476.0	41.0	9.119539978348184
225500000	404.0	39.0	9.119539978348184
226500000	374.0	37.0	9.119539978348184
227500000	328.0	35.0	9.119539978348184
228500000	308.0	33.0	9.119539978348184
229500000	308.0	31.0	9.119539978348184
230500000	306.0	29.0	9.119539978348184
231500000	268.0	27.0	9.119539978348184
232500000	242.0	25.0	9.119539978348184
233500000	228.0	23.0	9.119539978348184
234500000	181.0	21.0	9.119539978348184
235500000	169.0	19.0	9.119539978348184
236500000	155.0	17.0	9.119539978348184
237500000	126.0	15.0	9.119539978348184
238500000	113.0	13.0	9.119539978348184
239500000	101.0	11.0	9.119539978348184
240500000	155.0	9.0	9.119539978348184
241500000	117.0	7.0	9.119539978348184
242500000	58.0	5.0	9.119539978348184
243500000	35.0	4.0	9.119539978348184
244500000	19.0	3.0	9.119539978348184
245500000	15.0	2.0	9.119539978348184
246500000	25.0	1.0	9.119539978348184
247500000	1.0	0.0	9.119539978348184
248500000	0.0	0.0	9.119539978348184
249500000	0.0	0.0	9.119539978348184
250500000	0.0	0.0	9.119539978348184
251500000	0.0	0.0	9.119539978348184
252500000	0.0	0.0	9.119539978348184
253500000	0.0	0.0	9.119539978348184
254500000	0.0	0.0	9.119539978348184
255500000	0.0	0.0	9.119539978348184
256500000	0.0	0.0	9.119539978348184
257500000	0.0	0.0	9.119539978348184
258500000	0.0	0.0	9.119539978348184
259500000	0.0	0.0	9.119539978348184
260500000	0.0	0.0	9.119539978348184
261500000	0.0	0.0	9.119539978348184
262500000	0.0	0.0	9.119539978348184
263500000	0.0	0.0	9.119539978348184
264500000	0.0	0.0	9.119539978348184
265500000	0.0	0.0	9.119539978348184
266500000	0.0	0.0	9.119539978348184
267500000	0.0	0.0	9.119539978348184
268500000	0.0	0.0	9.119539978348184
269500000	0.0	0.0	9.119539978348184
270500000	0.0	0.0	9.119539978348184
271500000	0.0	0.0	9.119539978348184
272500000	0.0	0.0	9.119539978348184
273500000	0.0	0.0	9.119539978348184
274500000	0.0	0.0	9.119539978348184
275500000	0.0	0.0	9.119539978348184
276500000	0.0	0.0	9.119539978348184
277500000	0.0	0.0	9.119539978348184
278500000	0.0	0.0	9.119539978348184
279500000	0.0	0.0	9.119539978348184
280500000	0.0	0.0	9.119539978348184
281500000	0.0	0.0	9.119539978348184
282500000	0.0	0.0	9.119539978348184
283500000	0.0	0.0	9.119539978348184
284500000	0.0	0.0	9.119539978348184
285500000	0.0	0.0	9.119539978348184
286500000	0.0	0.0	9.119539978348184
287500000	0.0	0.0	9.119539978348184
288500000	0.0	0.0	9.119539978348184
289500000	0.0	0.0	9.119539978348184
290500000	0.0	0.0	9.119539978348184
291500000	0.0	0.0	9.119539978348184
292500000	0.0	0.0	9.119539978348184
293500000	0.0	0.0	9.119539978348184
294500000	0.0	0.0	9.119539978348184
295500000	0.0	0.0	9.119539978348184
296500000	0.0	0.0	9.119539978348184
297500000	0.0	0.0	9.119539978348184
298500000	0.0	0.0	9.119539978348184
299500000	0.0	0.0	9.119539978348184
300500000	0.0	0.0	9.119539978348184